2  0.028750656624549332  0.004
3  0.03153205337570209  0.0
4  0.03254223367702794  0.0
5  0.03379935819954917  0.0
6  0.0344225784874395  0.0
7  0.03517753650872488  0.003
8  0.03561192152425588  0.003
9  0.03612969977163857  0.005
10  0.03645546406497074  0.005
11  0.036839189908436966  0.025
12  0.03709562320743345  0.007
13  0.03739485467281098  0.011
14  0.037603777751020966  0.057
15  0.037845683062247386  0.063
16  0.038020328199739425  0.12
17  0.038221216233603604  0.281
18  0.03837014518468917  0.192
19  0.03854047987202045  0.6
20  0.038669515404807786  0.898
