2  0.028750656624549325  0.0
3  0.031532053375702085  0.0
4  0.03254223367702793  0.0
5  0.03379935819954916  0.0
6  0.034422578487439515  0.0
7  0.03517753650872488  0.0
8  0.03561192152425588  0.0
9  0.03612969977163866  0.0
10  0.03645546406497064  0.015
11  0.036839189908437014  0.0
12  0.03709562320743372  0.0
13  0.03739485467281053  0.0
14  0.03760377775101852  0.0
15  0.03784568306224259  0.016
16  0.038020328199735366  0.0
17  0.03822121623359618  0.0
18  0.0383701451847044  0.0
19  0.03854047987201361  0.0
20  0.038669515404788496  0.031
